pos/92710570.bmp 1 0 0 24 24
pos/17558643.bmp 1 0 0 24 24
pos/115852800.bmp 1 0 0 24 24
pos/94540533.bmp 1 0 0 24 24
pos/94147500.bmp 1 0 0 24 24
pos/17352354.bmp 1 0 0 24 24
pos/12824366.bmp 1 0 0 24 24
pos/115710424.bmp 1 0 0 24 24
pos/111622746.bmp 1 0 0 24 24
pos/111546564.bmp 1 0 0 24 24
pos/10104594.bmp 1 0 0 24 24
pos/9394341.bmp 1 0 0 24 24
pos/17942263.bmp 1 0 0 24 24
pos/17320801.bmp 1 0 0 24 24
pos/12130486.bmp 1 0 0 24 24
pos/115639770.bmp 1 0 0 24 24
pos/111944943.bmp 1 0 0 24 24
pos/11159461.bmp 1 0 0 24 24
pos/111346433.bmp 1 0 0 24 24
pos/93539388.bmp 1 0 0 24 24
pos/144655454.bmp 1 0 0 24 24
pos/144310501.bmp 1 0 0 24 24
pos/12736718.bmp 1 0 0 24 24
pos/112341114.bmp 1 0 0 24 24
pos/11116446.bmp 1 0 0 24 24
pos/105716262.bmp 1 0 0 24 24
pos/1047395.bmp 1 0 0 24 24
pos/10217477.bmp 1 0 0 24 24
pos/165429852.bmp 1 0 0 24 24
pos/12829287.bmp 1 0 0 24 24
pos/12720603.bmp 1 0 0 24 24
pos/122846530.bmp 1 0 0 24 24
pos/12213120.bmp 1 0 0 24 24
pos/105819500.bmp 1 0 0 24 24
pos/9564297.bmp 1 0 0 24 24
pos/95426909.bmp 1 0 0 24 24
pos/95418266.bmp 1 0 0 24 24
pos/95022225.bmp 1 0 0 24 24
pos/151546324.bmp 1 0 0 24 24
pos/121717385.bmp 1 0 0 24 24
pos/121627873.bmp 1 0 0 24 24
pos/121549471.bmp 1 0 0 24 24
pos/93828180.bmp 1 0 0 24 24
pos/93529638.bmp 1 0 0 24 24
pos/17845397.bmp 1 0 0 24 24
pos/17527269.bmp 1 0 0 24 24
pos/151745203.bmp 1 0 0 24 24
pos/12202510.bmp 1 0 0 24 24
pos/12133977.bmp 1 0 0 24 24
pos/10267116.bmp 1 0 0 24 24
pos/95430902.bmp 1 0 0 24 24
pos/15248363.bmp 1 0 0 24 24
pos/123238594.bmp 1 0 0 24 24
pos/123227165.bmp 1 0 0 24 24
pos/12292430.bmp 1 0 0 24 24
pos/122641572.bmp 1 0 0 24 24
pos/12228567.bmp 1 0 0 24 24
pos/12151915.bmp 1 0 0 24 24
pos/121057787.bmp 1 0 0 24 24
pos/95919177.bmp 1 0 0 24 24
pos/92847930.bmp 1 0 0 24 24
pos/92842486.bmp 1 0 0 24 24
pos/152726415.bmp 1 0 0 24 24
pos/152644872.bmp 1 0 0 24 24
pos/144137502.bmp 1 0 0 24 24
pos/12612369.bmp 1 0 0 24 24
pos/121126800.bmp 1 0 0 24 24
pos/94159543.bmp 1 0 0 24 24
pos/9321240.bmp 1 0 0 24 24
pos/16546376.bmp 1 0 0 24 24
pos/12358343.bmp 1 0 0 24 24
pos/12352265.bmp 1 0 0 24 24
pos/115825475.bmp 1 0 0 24 24
pos/111627941.bmp 1 0 0 24 24
pos/11162475.bmp 1 0 0 24 24
pos/9337369.bmp 1 0 0 24 24
pos/171127360.bmp 1 0 0 24 24
pos/115718348.bmp 1 0 0 24 24
pos/111322424.bmp 1 0 0 24 24
pos/105743905.bmp 1 0 0 24 24
pos/10452277.bmp 1 0 0 24 24
pos/10247710.bmp 1 0 0 24 24
pos/101253389.bmp 1 0 0 24 24
pos/9462063.bmp 1 0 0 24 24
pos/9458537.bmp 1 0 0 24 24
pos/165753301.bmp 1 0 0 24 24
pos/15222496.bmp 1 0 0 24 24
pos/144341447.bmp 1 0 0 24 24
pos/144227430.bmp 1 0 0 24 24
pos/123213209.bmp 1 0 0 24 24
pos/115556401.bmp 1 0 0 24 24
pos/102548381.bmp 1 0 0 24 24
pos/154133758.bmp 1 0 0 24 24
pos/12759338.bmp 1 0 0 24 24
pos/123117786.bmp 1 0 0 24 24
pos/123011204.bmp 1 0 0 24 24
pos/12208393.bmp 1 0 0 24 24
pos/115741748.bmp 1 0 0 24 24
pos/105649947.bmp 1 0 0 24 24
pos/10435553.bmp 1 0 0 24 24
pos/93559828.bmp 1 0 0 24 24
pos/1766523.bmp 1 0 0 24 24
pos/17455452.bmp 1 0 0 24 24
pos/171127359.bmp 1 0 0 24 24
pos/123023124.bmp 1 0 0 24 24
pos/105316856.bmp 1 0 0 24 24
pos/10405793.bmp 1 0 0 24 24
pos/152547711.bmp 1 0 0 24 24
pos/122154609.bmp 1 0 0 24 24
pos/12201065.bmp 1 0 0 24 24
pos/121543162.bmp 1 0 0 24 24
pos/121348301.bmp 1 0 0 24 24
pos/11524820.bmp 1 0 0 24 24
pos/11245242.bmp 1 0 0 24 24
pos/103637174.bmp 1 0 0 24 24
pos/101246213.bmp 1 0 0 24 24
pos/95222836.bmp 1 0 0 24 24
pos/16546375.bmp 1 0 0 24 24
pos/165344535.bmp 1 0 0 24 24
pos/12383614.bmp 1 0 0 24 24
pos/123013823.bmp 1 0 0 24 24
pos/9431972.bmp 1 0 0 24 24
pos/9243736.bmp 1 0 0 24 24
pos/145111615.bmp 1 0 0 24 24
pos/12925609.bmp 1 0 0 24 24
pos/102348199.bmp 1 0 0 24 24
pos/165813804.bmp 1 0 0 24 24
pos/144250228.bmp 1 0 0 24 24
pos/121859812.bmp 1 0 0 24 24
pos/111627260.bmp 1 0 0 24 24
pos/111133510.bmp 1 0 0 24 24
pos/102330399.bmp 1 0 0 24 24
pos/171111329.bmp 1 0 0 24 24
pos/145258141.bmp 1 0 0 24 24
pos/122237767.bmp 1 0 0 24 24
pos/112139668.bmp 1 0 0 24 24
pos/111927892.bmp 1 0 0 24 24
pos/115430662.bmp 1 0 0 24 24
pos/105432576.bmp 1 0 0 24 24
pos/10321313.bmp 1 0 0 24 24
pos/10131107.bmp 1 0 0 24 24
pos/165641695.bmp 1 0 0 24 24
pos/12645378.bmp 1 0 0 24 24
pos/121416381.bmp 1 0 0 24 24
pos/115828517.bmp 1 0 0 24 24
pos/111337619.bmp 1 0 0 24 24
pos/92242735.bmp 1 0 0 24 24
pos/122756397.bmp 1 0 0 24 24
pos/115815600.bmp 1 0 0 24 24
pos/11143512.bmp 1 0 0 24 24
pos/10140846.bmp 1 0 0 24 24
pos/94738313.bmp 1 0 0 24 24
pos/92216527.bmp 1 0 0 24 24
pos/1799410.bmp 1 0 0 24 24
pos/12250391.bmp 1 0 0 24 24
pos/112111215.bmp 1 0 0 24 24
pos/111751651.bmp 1 0 0 24 24
pos/17104791.bmp 1 0 0 24 24
pos/122733852.bmp 1 0 0 24 24
pos/121737450.bmp 1 0 0 24 24
pos/11219801.bmp 1 0 0 24 24
pos/111814363.bmp 1 0 0 24 24
pos/10188301.bmp 1 0 0 24 24
pos/101524371.bmp 1 0 0 24 24
pos/94955611.bmp 1 0 0 24 24
pos/121938687.bmp 1 0 0 24 24
pos/121449415.bmp 1 0 0 24 24
pos/11164917.bmp 1 0 0 24 24
pos/11125199.bmp 1 0 0 24 24
pos/101731694.bmp 1 0 0 24 24
pos/95526891.bmp 1 0 0 24 24
pos/94034960.bmp 1 0 0 24 24
pos/171013936.bmp 1 0 0 24 24
pos/122658658.bmp 1 0 0 24 24
pos/12233155.bmp 1 0 0 24 24
pos/115613171.bmp 1 0 0 24 24
pos/10543981.bmp 1 0 0 24 24
pos/9421337.bmp 1 0 0 24 24
pos/9305473.bmp 1 0 0 24 24
pos/171119366.bmp 1 0 0 24 24
pos/14422954.bmp 1 0 0 24 24
pos/111432145.bmp 1 0 0 24 24
pos/10627109.bmp 1 0 0 24 24
pos/103716565.bmp 1 0 0 24 24
pos/95634826.bmp 1 0 0 24 24
pos/9237648.bmp 1 0 0 24 24
pos/11581187.bmp 1 0 0 24 24
pos/115542990.bmp 1 0 0 24 24
pos/10572739.bmp 1 0 0 24 24
pos/105641726.bmp 1 0 0 24 24
pos/105510187.bmp 1 0 0 24 24
pos/171039128.bmp 1 0 0 24 24
pos/171022445.bmp 1 0 0 24 24
pos/12347922.bmp 1 0 0 24 24
pos/121241696.bmp 1 0 0 24 24
pos/115651646.bmp 1 0 0 24 24
pos/115223563.bmp 1 0 0 24 24
pos/112255326.bmp 1 0 0 24 24
pos/11149815.bmp 1 0 0 24 24
pos/93533132.bmp 1 0 0 24 24
pos/930992.bmp 1 0 0 24 24
pos/122310488.bmp 1 0 0 24 24
pos/115534404.bmp 1 0 0 24 24
pos/112258.bmp 1 0 0 24 24
pos/101331762.bmp 1 0 0 24 24
pos/10121316.bmp 1 0 0 24 24
pos/101145934.bmp 1 0 0 24 24
pos/10103827.bmp 1 0 0 24 24
pos/94226921.bmp 1 0 0 24 24
pos/93820380.bmp 1 0 0 24 24
pos/1795062.bmp 1 0 0 24 24
pos/17732426.bmp 1 0 0 24 24
pos/165517362.bmp 1 0 0 24 24
pos/152445186.bmp 1 0 0 24 24
pos/145127355.bmp 1 0 0 24 24
pos/10314417.bmp 1 0 0 24 24
pos/102337481.bmp 1 0 0 24 24
pos/95949722.bmp 1 0 0 24 24
pos/95042677.bmp 1 0 0 24 24
pos/94715288.bmp 1 0 0 24 24
pos/9392687.bmp 1 0 0 24 24
pos/1729428.bmp 1 0 0 24 24
pos/12350714.bmp 1 0 0 24 24
pos/122720682.bmp 1 0 0 24 24
pos/121240815.bmp 1 0 0 24 24
pos/111920794.bmp 1 0 0 24 24
pos/123220935.bmp 1 0 0 24 24
pos/12317466.bmp 1 0 0 24 24
pos/122316360.bmp 1 0 0 24 24
pos/121132161.bmp 1 0 0 24 24
pos/11612593.bmp 1 0 0 24 24
pos/115356390.bmp 1 0 0 24 24
pos/111954173.bmp 1 0 0 24 24
pos/9413539.bmp 1 0 0 24 24
pos/15263765.bmp 1 0 0 24 24
pos/12253916.bmp 1 0 0 24 24
pos/121959472.bmp 1 0 0 24 24
pos/121720290.bmp 1 0 0 24 24
pos/121246384.bmp 1 0 0 24 24
pos/115547862.bmp 1 0 0 24 24
pos/112218135.bmp 1 0 0 24 24
pos/11202606.bmp 1 0 0 24 24
pos/92427271.bmp 1 0 0 24 24
pos/17249254.bmp 1 0 0 24 24
pos/165555218.bmp 1 0 0 24 24
pos/128552.bmp 1 0 0 24 24
pos/12619342.bmp 1 0 0 24 24
pos/122834893.bmp 1 0 0 24 24
pos/112211505.bmp 1 0 0 24 24
pos/10514429.bmp 1 0 0 24 24
pos/1011794.bmp 1 0 0 24 24
pos/17542885.bmp 1 0 0 24 24
pos/151946932.bmp 1 0 0 24 24
pos/151559792.bmp 1 0 0 24 24
pos/123119554.bmp 1 0 0 24 24
pos/12254560.bmp 1 0 0 24 24
pos/12219485.bmp 1 0 0 24 24
pos/121640207.bmp 1 0 0 24 24
pos/115810562.bmp 1 0 0 24 24
pos/101325366.bmp 1 0 0 24 24
pos/94756175.bmp 1 0 0 24 24
pos/17934205.bmp 1 0 0 24 24
pos/123325925.bmp 1 0 0 24 24
pos/12324261.bmp 1 0 0 24 24
pos/12225833.bmp 1 0 0 24 24
pos/121217675.bmp 1 0 0 24 24
pos/11145852.bmp 1 0 0 24 24
pos/111143572.bmp 1 0 0 24 24
pos/93138620.bmp 1 0 0 24 24
pos/92819850.bmp 1 0 0 24 24
pos/91326769.bmp 1 0 0 24 24
pos/122259252.bmp 1 0 0 24 24
pos/122254831.bmp 1 0 0 24 24
pos/122139250.bmp 1 0 0 24 24
pos/121512713.bmp 1 0 0 24 24
pos/10856940.bmp 1 0 0 24 24
pos/10612485.bmp 1 0 0 24 24
pos/94156267.bmp 1 0 0 24 24
pos/9408252.bmp 1 0 0 24 24
pos/93841986.bmp 1 0 0 24 24
pos/92540638.bmp 1 0 0 24 24
pos/151228749.bmp 1 0 0 24 24
pos/121554393.bmp 1 0 0 24 24
pos/101744969.bmp 1 0 0 24 24
pos/101219225.bmp 1 0 0 24 24
pos/95132238.bmp 1 0 0 24 24
pos/94438429.bmp 1 0 0 24 24
pos/174849.bmp 1 0 0 24 24
pos/12513634.bmp 1 0 0 24 24
pos/12151605.bmp 1 0 0 24 24
pos/121232601.bmp 1 0 0 24 24
pos/115033582.bmp 1 0 0 24 24
pos/105422514.bmp 1 0 0 24 24
pos/105247107.bmp 1 0 0 24 24
pos/94634259.bmp 1 0 0 24 24
pos/92433121.bmp 1 0 0 24 24
pos/171119362.bmp 1 0 0 24 24
pos/12556238.bmp 1 0 0 24 24
pos/111714726.bmp 1 0 0 24 24
pos/11138442.bmp 1 0 0 24 24
pos/11047976.bmp 1 0 0 24 24
pos/101754115.bmp 1 0 0 24 24
pos/93324888.bmp 1 0 0 24 24
pos/165358572.bmp 1 0 0 24 24
pos/12332417.bmp 1 0 0 24 24
pos/122554665.bmp 1 0 0 24 24
pos/121315806.bmp 1 0 0 24 24
pos/111217559.bmp 1 0 0 24 24
pos/11053468.bmp 1 0 0 24 24
pos/1020752.bmp 1 0 0 24 24
pos/101318502.bmp 1 0 0 24 24
pos/9389616.bmp 1 0 0 24 24
pos/93424945.bmp 1 0 0 24 24
pos/145119558.bmp 1 0 0 24 24
pos/12518377.bmp 1 0 0 24 24
pos/122117815.bmp 1 0 0 24 24
pos/10717791.bmp 1 0 0 24 24
pos/105935421.bmp 1 0 0 24 24
pos/10414137.bmp 1 0 0 24 24
pos/10328457.bmp 1 0 0 24 24
pos/95659459.bmp 1 0 0 24 24
pos/1795060.bmp 1 0 0 24 24
pos/17740439.bmp 1 0 0 24 24
pos/152413830.bmp 1 0 0 24 24
pos/12459189.bmp 1 0 0 24 24
pos/123230756.bmp 1 0 0 24 24
pos/121226367.bmp 1 0 0 24 24
pos/11058226.bmp 1 0 0 24 24
pos/101739884.bmp 1 0 0 24 24
pos/94336388.bmp 1 0 0 24 24
pos/171022446.bmp 1 0 0 24 24
pos/165437800.bmp 1 0 0 24 24
pos/12810695.bmp 1 0 0 24 24
pos/12738151.bmp 1 0 0 24 24
pos/123331806.bmp 1 0 0 24 24
pos/115445794.bmp 1 0 0 24 24
pos/11539286.bmp 1 0 0 24 24
pos/9479812.bmp 1 0 0 24 24
pos/17837620.bmp 1 0 0 24 24
pos/1781344.bmp 1 0 0 24 24
pos/12817450.bmp 1 0 0 24 24
pos/12257228.bmp 1 0 0 24 24
pos/121630104.bmp 1 0 0 24 24
pos/12032981.bmp 1 0 0 24 24
pos/11587294.bmp 1 0 0 24 24
pos/105338178.bmp 1 0 0 24 24
pos/121546143.bmp 1 0 0 24 24
pos/121521386.bmp 1 0 0 24 24
pos/121155637.bmp 1 0 0 24 24
pos/121012789.bmp 1 0 0 24 24
pos/12058565.bmp 1 0 0 24 24
pos/111426946.bmp 1 0 0 24 24
pos/111148501.bmp 1 0 0 24 24
pos/103919165.bmp 1 0 0 24 24
pos/94911359.bmp 1 0 0 24 24
pos/92342701.bmp 1 0 0 24 24
pos/153915249.bmp 1 0 0 24 24
pos/144235733.bmp 1 0 0 24 24
pos/12448560.bmp 1 0 0 24 24
pos/12443558.bmp 1 0 0 24 24
pos/115616993.bmp 1 0 0 24 24
pos/11022923.bmp 1 0 0 24 24
pos/102512220.bmp 1 0 0 24 24
pos/92515927.bmp 1 0 0 24 24
pos/17233574.bmp 1 0 0 24 24
pos/16542275.bmp 1 0 0 24 24
pos/151727543.bmp 1 0 0 24 24
pos/12339151.bmp 1 0 0 24 24
pos/123340230.bmp 1 0 0 24 24
pos/122842464.bmp 1 0 0 24 24
pos/115234155.bmp 1 0 0 24 24
pos/105443886.bmp 1 0 0 24 24
pos/95854888.bmp 1 0 0 24 24
pos/9350388.bmp 1 0 0 24 24
pos/16594385.bmp 1 0 0 24 24
pos/144810945.bmp 1 0 0 24 24
pos/121523991.bmp 1 0 0 24 24
pos/115715159.bmp 1 0 0 24 24
pos/111657363.bmp 1 0 0 24 24
pos/105922738.bmp 1 0 0 24 24
pos/102415327.bmp 1 0 0 24 24
pos/95152892.bmp 1 0 0 24 24
pos/12264497.bmp 1 0 0 24 24
pos/121623438.bmp 1 0 0 24 24
pos/121615737.bmp 1 0 0 24 24
pos/121211503.bmp 1 0 0 24 24
pos/112224256.bmp 1 0 0 24 24
pos/10136739.bmp 1 0 0 24 24
pos/101215996.bmp 1 0 0 24 24
pos/94021856.bmp 1 0 0 24 24
pos/17447669.bmp 1 0 0 24 24
pos/122142947.bmp 1 0 0 24 24
pos/121619479.bmp 1 0 0 24 24
pos/115525434.bmp 1 0 0 24 24
pos/11199266.bmp 1 0 0 24 24
pos/15432621.bmp 1 0 0 24 24
pos/12028237.bmp 1 0 0 24 24
pos/11591760.bmp 1 0 0 24 24
pos/11574785.bmp 1 0 0 24 24
pos/115520130.bmp 1 0 0 24 24
pos/111434450.bmp 1 0 0 24 24
pos/10332888.bmp 1 0 0 24 24
pos/17439761.bmp 1 0 0 24 24
pos/17328617.bmp 1 0 0 24 24
pos/12423636.bmp 1 0 0 24 24
pos/122349438.bmp 1 0 0 24 24
pos/122231748.bmp 1 0 0 24 24
pos/11821599.bmp 1 0 0 24 24
pos/94731496.bmp 1 0 0 24 24
pos/171127361.bmp 1 0 0 24 24
pos/121410468.bmp 1 0 0 24 24
pos/112017270.bmp 1 0 0 24 24
pos/111523966.bmp 1 0 0 24 24
pos/94516290.bmp 1 0 0 24 24
pos/92651772.bmp 1 0 0 24 24
pos/115424671.bmp 1 0 0 24 24
pos/11233138.bmp 1 0 0 24 24
pos/112129654.bmp 1 0 0 24 24
pos/91345723.bmp 1 0 0 24 24
pos/165531778.bmp 1 0 0 24 24
pos/11597698.bmp 1 0 0 24 24
pos/112251864.bmp 1 0 0 24 24
pos/111522326.bmp 1 0 0 24 24
pos/101410627.bmp 1 0 0 24 24
pos/95651581.bmp 1 0 0 24 24
pos/91632585.bmp 1 0 0 24 24
pos/122121820.bmp 1 0 0 24 24
pos/121846481.bmp 1 0 0 24 24
pos/112148202.bmp 1 0 0 24 24
pos/10182576.bmp 1 0 0 24 24
pos/92239194.bmp 1 0 0 24 24
pos/121550730.bmp 1 0 0 24 24
pos/12139531.bmp 1 0 0 24 24
pos/111927233.bmp 1 0 0 24 24
pos/101031772.bmp 1 0 0 24 24
pos/94434514.bmp 1 0 0 24 24
pos/94422517.bmp 1 0 0 24 24
pos/152652367.bmp 1 0 0 24 24
pos/123614632.bmp 1 0 0 24 24
pos/12310598.bmp 1 0 0 24 24
pos/94257809.bmp 1 0 0 24 24
pos/12946757.bmp 1 0 0 24 24
pos/122716138.bmp 1 0 0 24 24
pos/122214953.bmp 1 0 0 24 24
pos/121429844.bmp 1 0 0 24 24
pos/111259430.bmp 1 0 0 24 24
pos/10173255.bmp 1 0 0 24 24
pos/93547812.bmp 1 0 0 24 24
pos/92150414.bmp 1 0 0 24 24
pos/145031758.bmp 1 0 0 24 24
pos/14493743.bmp 1 0 0 24 24
pos/122821847.bmp 1 0 0 24 24
pos/122131156.bmp 1 0 0 24 24
pos/121841207.bmp 1 0 0 24 24
pos/11933203.bmp 1 0 0 24 24
pos/95733342.bmp 1 0 0 24 24
pos/95458545.bmp 1 0 0 24 24
pos/93254717.bmp 1 0 0 24 24
pos/926719.bmp 1 0 0 24 24
pos/171119364.bmp 1 0 0 24 24
pos/121921200.bmp 1 0 0 24 24
pos/12739744.bmp 1 0 0 24 24
pos/12049345.bmp 1 0 0 24 24
pos/111944200.bmp 1 0 0 24 24
pos/105619137.bmp 1 0 0 24 24
pos/91255475.bmp 1 0 0 24 24
pos/165547403.bmp 1 0 0 24 24
pos/12612181.bmp 1 0 0 24 24
pos/12219283.bmp 1 0 0 24 24
pos/121434354.bmp 1 0 0 24 24
pos/115811305.bmp 1 0 0 24 24
pos/12733177.bmp 1 0 0 24 24
pos/12251872.bmp 1 0 0 24 24
pos/12139827.bmp 1 0 0 24 24
pos/11840725.bmp 1 0 0 24 24
pos/11592249.bmp 1 0 0 24 24
pos/112144318.bmp 1 0 0 24 24
pos/101013317.bmp 1 0 0 24 24
pos/93823173.bmp 1 0 0 24 24
pos/17942261.bmp 1 0 0 24 24
pos/171031177.bmp 1 0 0 24 24
pos/115546494.bmp 1 0 0 24 24
pos/11535573.bmp 1 0 0 24 24
pos/111224798.bmp 1 0 0 24 24
pos/111140452.bmp 1 0 0 24 24
pos/101222501.bmp 1 0 0 24 24
pos/101017367.bmp 1 0 0 24 24
pos/94752696.bmp 1 0 0 24 24
pos/123629733.bmp 1 0 0 24 24
pos/122427748.bmp 1 0 0 24 24
pos/11559179.bmp 1 0 0 24 24
pos/11556152.bmp 1 0 0 24 24
pos/101450944.bmp 1 0 0 24 24
pos/9294231.bmp 1 0 0 24 24
pos/152718225.bmp 1 0 0 24 24
pos/12125040.bmp 1 0 0 24 24
pos/145127354.bmp 1 0 0 24 24
pos/12238258.bmp 1 0 0 24 24
pos/122226748.bmp 1 0 0 24 24
pos/102629112.bmp 1 0 0 24 24
pos/1740176.bmp 1 0 0 24 24
pos/123018198.bmp 1 0 0 24 24
pos/121911651.bmp 1 0 0 24 24
pos/121017492.bmp 1 0 0 24 24
pos/11638309.bmp 1 0 0 24 24
pos/115921551.bmp 1 0 0 24 24
pos/115648303.bmp 1 0 0 24 24
pos/95556232.bmp 1 0 0 24 24
pos/93732488.bmp 1 0 0 24 24
pos/17535110.bmp 1 0 0 24 24
pos/17328566.bmp 1 0 0 24 24
pos/15275897.bmp 1 0 0 24 24
pos/12324580.bmp 1 0 0 24 24
pos/121952390.bmp 1 0 0 24 24
pos/111922997.bmp 1 0 0 24 24
pos/101238226.bmp 1 0 0 24 24
pos/165555216.bmp 1 0 0 24 24
pos/165021210.bmp 1 0 0 24 24
pos/111726237.bmp 1 0 0 24 24
pos/11151834.bmp 1 0 0 24 24
pos/11130537.bmp 1 0 0 24 24
pos/95423243.bmp 1 0 0 24 24
pos/93816542.bmp 1 0 0 24 24
pos/12135568.bmp 1 0 0 24 24
pos/121344457.bmp 1 0 0 24 24
pos/10416350.bmp 1 0 0 24 24
pos/10013481.bmp 1 0 0 24 24
pos/122830169.bmp 1 0 0 24 24
pos/115954810.bmp 1 0 0 24 24
pos/11233710.bmp 1 0 0 24 24
pos/102538631.bmp 1 0 0 24 24
pos/15238479.bmp 1 0 0 24 24
pos/123032952.bmp 1 0 0 24 24
pos/12236893.bmp 1 0 0 24 24
pos/121442776.bmp 1 0 0 24 24
pos/121035869.bmp 1 0 0 24 24
pos/103655738.bmp 1 0 0 24 24
pos/10150810.bmp 1 0 0 24 24
pos/94513202.bmp 1 0 0 24 24
pos/92519655.bmp 1 0 0 24 24
pos/152555494.bmp 1 0 0 24 24
pos/12557206.bmp 1 0 0 24 24
pos/121915950.bmp 1 0 0 24 24
pos/121741552.bmp 1 0 0 24 24
pos/101121271.bmp 1 0 0 24 24
pos/15546121.bmp 1 0 0 24 24
pos/14435768.bmp 1 0 0 24 24
pos/12364847.bmp 1 0 0 24 24
pos/11221498.bmp 1 0 0 24 24
pos/102458368.bmp 1 0 0 24 24
pos/9562954.bmp 1 0 0 24 24
pos/9355115.bmp 1 0 0 24 24
pos/165641697.bmp 1 0 0 24 24
pos/165414268.bmp 1 0 0 24 24
pos/164457612.bmp 1 0 0 24 24
pos/123510636.bmp 1 0 0 24 24
pos/111019317.bmp 1 0 0 24 24
pos/94249198.bmp 1 0 0 24 24
pos/9370695.bmp 1 0 0 24 24
pos/12729810.bmp 1 0 0 24 24
pos/121231315.bmp 1 0 0 24 24
pos/9248722.bmp 1 0 0 24 24
pos/151236574.bmp 1 0 0 24 24
pos/14552191.bmp 1 0 0 24 24
pos/112329365.bmp 1 0 0 24 24
pos/10552122.bmp 1 0 0 24 24
pos/101650120.bmp 1 0 0 24 24
pos/9155445.bmp 1 0 0 24 24
pos/16535632.bmp 1 0 0 24 24
pos/145151278.bmp 1 0 0 24 24
pos/142236199.bmp 1 0 0 24 24
pos/12810641.bmp 1 0 0 24 24
pos/115316166.bmp 1 0 0 24 24
pos/11131766.bmp 1 0 0 24 24
pos/11031565.bmp 1 0 0 24 24
pos/105543172.bmp 1 0 0 24 24
pos/95158858.bmp 1 0 0 24 24
pos/94326274.bmp 1 0 0 24 24
pos/151631303.bmp 1 0 0 24 24
pos/122635173.bmp 1 0 0 24 24
pos/121715781.bmp 1 0 0 24 24
pos/10410609.bmp 1 0 0 24 24
pos/92326836.bmp 1 0 0 24 24
pos/15250836.bmp 1 0 0 24 24
pos/11951414.bmp 1 0 0 24 24
pos/11521956.bmp 1 0 0 24 24
pos/95522289.bmp 1 0 0 24 24
pos/17110998.bmp 1 0 0 24 24
pos/122936545.bmp 1 0 0 24 24
pos/112036232.bmp 1 0 0 24 24
pos/11160204.bmp 1 0 0 24 24
pos/11133775.bmp 1 0 0 24 24
pos/10364915.bmp 1 0 0 24 24
pos/9472745.bmp 1 0 0 24 24
pos/93353886.bmp 1 0 0 24 24
pos/17917622.bmp 1 0 0 24 24
pos/115633920.bmp 1 0 0 24 24
pos/112030311.bmp 1 0 0 24 24
pos/111931215.bmp 1 0 0 24 24
pos/11175510.bmp 1 0 0 24 24
pos/10844725.bmp 1 0 0 24 24
pos/95619881.bmp 1 0 0 24 24
pos/92857306.bmp 1 0 0 24 24
pos/16535633.bmp 1 0 0 24 24
pos/152713933.bmp 1 0 0 24 24
pos/145119557.bmp 1 0 0 24 24
pos/12246362.bmp 1 0 0 24 24
pos/12102228.bmp 1 0 0 24 24
pos/11714454.bmp 1 0 0 24 24
pos/92317336.bmp 1 0 0 24 24
pos/15192649.bmp 1 0 0 24 24
pos/123540338.bmp 1 0 0 24 24
pos/12352692.bmp 1 0 0 24 24
pos/12322309.bmp 1 0 0 24 24
pos/11153996.bmp 1 0 0 24 24
pos/101622507.bmp 1 0 0 24 24
pos/94328744.bmp 1 0 0 24 24
pos/17447666.bmp 1 0 0 24 24
pos/123056804.bmp 1 0 0 24 24
pos/122213679.bmp 1 0 0 24 24
pos/121159926.bmp 1 0 0 24 24
pos/112024321.bmp 1 0 0 24 24
pos/10753811.bmp 1 0 0 24 24
pos/107488.bmp 1 0 0 24 24
pos/95542381.bmp 1 0 0 24 24
pos/93521791.bmp 1 0 0 24 24
pos/17336652.bmp 1 0 0 24 24
pos/151540337.bmp 1 0 0 24 24
pos/14554451.bmp 1 0 0 24 24
pos/122929509.bmp 1 0 0 24 24
pos/111046648.bmp 1 0 0 24 24
pos/10655298.bmp 1 0 0 24 24
pos/10556662.bmp 1 0 0 24 24
pos/9302228.bmp 1 0 0 24 24
pos/92952717.bmp 1 0 0 24 24
pos/17926813.bmp 1 0 0 24 24
pos/12834376.bmp 1 0 0 24 24
pos/123441261.bmp 1 0 0 24 24
pos/122933626.bmp 1 0 0 24 24
pos/11569349.bmp 1 0 0 24 24
pos/102612248.bmp 1 0 0 24 24
pos/9454497.bmp 1 0 0 24 24
pos/17926890.bmp 1 0 0 24 24
pos/17653162.bmp 1 0 0 24 24
pos/17447667.bmp 1 0 0 24 24
pos/17328618.bmp 1 0 0 24 24
pos/165036838.bmp 1 0 0 24 24
pos/144333742.bmp 1 0 0 24 24
pos/121429189.bmp 1 0 0 24 24
pos/12014978.bmp 1 0 0 24 24
pos/9462819.bmp 1 0 0 24 24
pos/92226230.bmp 1 0 0 24 24
pos/17748298.bmp 1 0 0 24 24
pos/165738769.bmp 1 0 0 24 24
pos/14462599.bmp 1 0 0 24 24
pos/122337654.bmp 1 0 0 24 24
pos/11553231.bmp 1 0 0 24 24
pos/105615658.bmp 1 0 0 24 24
pos/94550205.bmp 1 0 0 24 24
pos/17645271.bmp 1 0 0 24 24
pos/123145396.bmp 1 0 0 24 24
pos/122259247.bmp 1 0 0 24 24
pos/12040828.bmp 1 0 0 24 24
pos/111827739.bmp 1 0 0 24 24
pos/111159432.bmp 1 0 0 24 24
pos/10561977.bmp 1 0 0 24 24
pos/101639168.bmp 1 0 0 24 24
pos/1795061.bmp 1 0 0 24 24
pos/17156918.bmp 1 0 0 24 24
pos/12724503.bmp 1 0 0 24 24
pos/123644755.bmp 1 0 0 24 24
pos/123043856.bmp 1 0 0 24 24
pos/11720679.bmp 1 0 0 24 24
pos/11202015.bmp 1 0 0 24 24
pos/105351875.bmp 1 0 0 24 24
pos/10125382.bmp 1 0 0 24 24
pos/95224957.bmp 1 0 0 24 24
pos/9419139.bmp 1 0 0 24 24
pos/17732428.bmp 1 0 0 24 24
pos/152539899.bmp 1 0 0 24 24
pos/152539896.bmp 1 0 0 24 24
pos/151848924.bmp 1 0 0 24 24
pos/12714464.bmp 1 0 0 24 24
pos/12244155.bmp 1 0 0 24 24
pos/10423952.bmp 1 0 0 24 24
pos/94558295.bmp 1 0 0 24 24
pos/9304731.bmp 1 0 0 24 24
pos/12210397.bmp 1 0 0 24 24
pos/121925742.bmp 1 0 0 24 24
pos/112311753.bmp 1 0 0 24 24
pos/111248759.bmp 1 0 0 24 24
pos/10394517.bmp 1 0 0 24 24
pos/101527397.bmp 1 0 0 24 24
pos/95126154.bmp 1 0 0 24 24
pos/94945289.bmp 1 0 0 24 24
pos/93018842.bmp 1 0 0 24 24
pos/122221495.bmp 1 0 0 24 24
pos/11561178.bmp 1 0 0 24 24
pos/115455795.bmp 1 0 0 24 24
pos/111635102.bmp 1 0 0 24 24
pos/101026702.bmp 1 0 0 24 24
pos/122952372.bmp 1 0 0 24 24
pos/122051985.bmp 1 0 0 24 24
pos/121853328.bmp 1 0 0 24 24
pos/115943188.bmp 1 0 0 24 24
pos/115719341.bmp 1 0 0 24 24
pos/115655981.bmp 1 0 0 24 24
pos/115450848.bmp 1 0 0 24 24
pos/111351362.bmp 1 0 0 24 24
pos/95930799.bmp 1 0 0 24 24
pos/95611863.bmp 1 0 0 24 24
pos/145222652.bmp 1 0 0 24 24
pos/123056307.bmp 1 0 0 24 24
pos/12134322.bmp 1 0 0 24 24
pos/121149282.bmp 1 0 0 24 24
pos/121136677.bmp 1 0 0 24 24
pos/10814434.bmp 1 0 0 24 24
pos/105757816.bmp 1 0 0 24 24
pos/95246345.bmp 1 0 0 24 24
pos/95149273.bmp 1 0 0 24 24
pos/9293180.bmp 1 0 0 24 24
pos/144318236.bmp 1 0 0 24 24
pos/123239474.bmp 1 0 0 24 24
pos/12241630.bmp 1 0 0 24 24
pos/121647561.bmp 1 0 0 24 24
pos/12054400.bmp 1 0 0 24 24
pos/111740645.bmp 1 0 0 24 24
pos/93039808.bmp 1 0 0 24 24
pos/92031867.bmp 1 0 0 24 24
pos/17257136.bmp 1 0 0 24 24
pos/12314596.bmp 1 0 0 24 24
pos/115849407.bmp 1 0 0 24 24
pos/112228166.bmp 1 0 0 24 24
pos/112053762.bmp 1 0 0 24 24
pos/10446614.bmp 1 0 0 24 24
pos/95141177.bmp 1 0 0 24 24
pos/152072.bmp 1 0 0 24 24
pos/111913875.bmp 1 0 0 24 24
pos/111453647.bmp 1 0 0 24 24
pos/1039307.bmp 1 0 0 24 24
pos/101259223.bmp 1 0 0 24 24
pos/95728381.bmp 1 0 0 24 24
pos/91251591.bmp 1 0 0 24 24
pos/15245323.bmp 1 0 0 24 24
pos/12317631.bmp 1 0 0 24 24
pos/122738676.bmp 1 0 0 24 24
pos/101225902.bmp 1 0 0 24 24
pos/95238514.bmp 1 0 0 24 24
pos/94451330.bmp 1 0 0 24 24
pos/17845396.bmp 1 0 0 24 24
pos/12314981.bmp 1 0 0 24 24
pos/94638986.bmp 1 0 0 24 24
pos/165329251.bmp 1 0 0 24 24
pos/122816180.bmp 1 0 0 24 24
pos/12161801.bmp 1 0 0 24 24
pos/111323889.bmp 1 0 0 24 24
pos/105152835.bmp 1 0 0 24 24
pos/12956340.bmp 1 0 0 24 24
pos/12657156.bmp 1 0 0 24 24
pos/11182732.bmp 1 0 0 24 24
pos/111618550.bmp 1 0 0 24 24
pos/94554504.bmp 1 0 0 24 24
pos/145422300.bmp 1 0 0 24 24
pos/121028334.bmp 1 0 0 24 24
pos/111652277.bmp 1 0 0 24 24
pos/111230383.bmp 1 0 0 24 24
pos/9554679.bmp 1 0 0 24 24
pos/94056722.bmp 1 0 0 24 24
pos/92455210.bmp 1 0 0 24 24
pos/12155566.bmp 1 0 0 24 24
pos/115727272.bmp 1 0 0 24 24
pos/115435903.bmp 1 0 0 24 24
pos/105928463.bmp 1 0 0 24 24
pos/10374833.bmp 1 0 0 24 24
pos/9448134.bmp 1 0 0 24 24
pos/12718679.bmp 1 0 0 24 24
pos/122420352.bmp 1 0 0 24 24
pos/11576804.bmp 1 0 0 24 24
pos/11179834.bmp 1 0 0 24 24
pos/10595380.bmp 1 0 0 24 24
pos/1041177.bmp 1 0 0 24 24
pos/92927258.bmp 1 0 0 24 24
pos/165517364.bmp 1 0 0 24 24
pos/122018910.bmp 1 0 0 24 24
pos/115944514.bmp 1 0 0 24 24
pos/115430478.bmp 1 0 0 24 24
pos/111036570.bmp 1 0 0 24 24
pos/92730476.bmp 1 0 0 24 24
pos/112234209.bmp 1 0 0 24 24
pos/112120751.bmp 1 0 0 24 24
pos/105450781.bmp 1 0 0 24 24
pos/933387.bmp 1 0 0 24 24
pos/115410472.bmp 1 0 0 24 24
pos/11248190.bmp 1 0 0 24 24
pos/11188993.bmp 1 0 0 24 24
pos/10951493.bmp 1 0 0 24 24
pos/92442418.bmp 1 0 0 24 24
pos/17917518.bmp 1 0 0 24 24
pos/123356645.bmp 1 0 0 24 24
pos/122628410.bmp 1 0 0 24 24
pos/121537967.bmp 1 0 0 24 24
pos/121046995.bmp 1 0 0 24 24
pos/11655110.bmp 1 0 0 24 24
pos/11195533.bmp 1 0 0 24 24
pos/101311716.bmp 1 0 0 24 24
pos/9256520.bmp 1 0 0 24 24
pos/152249614.bmp 1 0 0 24 24
pos/151848921.bmp 1 0 0 24 24
pos/14444861.bmp 1 0 0 24 24
pos/121856505.bmp 1 0 0 24 24
pos/12145632.bmp 1 0 0 24 24
pos/94646568.bmp 1 0 0 24 24
pos/91617967.bmp 1 0 0 24 24
pos/121534186.bmp 1 0 0 24 24
pos/115156684.bmp 1 0 0 24 24
pos/111046537.bmp 1 0 0 24 24
pos/93230662.bmp 1 0 0 24 24
pos/17511650.bmp 1 0 0 24 24
pos/15138104.bmp 1 0 0 24 24
pos/145111614.bmp 1 0 0 24 24
pos/12937796.bmp 1 0 0 24 24
pos/122041140.bmp 1 0 0 24 24
pos/12245897.bmp 1 0 0 24 24
pos/122353818.bmp 1 0 0 24 24
pos/115821653.bmp 1 0 0 24 24
pos/105724264.bmp 1 0 0 24 24
pos/10525489.bmp 1 0 0 24 24
pos/165626788.bmp 1 0 0 24 24
pos/165321452.bmp 1 0 0 24 24
pos/14536334.bmp 1 0 0 24 24
pos/12748792.bmp 1 0 0 24 24
pos/112259756.bmp 1 0 0 24 24
pos/123035806.bmp 1 0 0 24 24
pos/121050423.bmp 1 0 0 24 24
pos/105410112.bmp 1 0 0 24 24
pos/104128130.bmp 1 0 0 24 24
pos/102556664.bmp 1 0 0 24 24
pos/10136365.bmp 1 0 0 24 24
pos/9437403.bmp 1 0 0 24 24
pos/93941422.bmp 1 0 0 24 24
pos/152829206.bmp 1 0 0 24 24
pos/152234939.bmp 1 0 0 24 24
pos/12242975.bmp 1 0 0 24 24
pos/111737159.bmp 1 0 0 24 24
pos/10847845.bmp 1 0 0 24 24
pos/101619512.bmp 1 0 0 24 24
pos/95033239.bmp 1 0 0 24 24
pos/9443392.bmp 1 0 0 24 24
pos/16729770.bmp 1 0 0 24 24
pos/111529738.bmp 1 0 0 24 24
pos/111512342.bmp 1 0 0 24 24
pos/10589547.bmp 1 0 0 24 24
pos/93222909.bmp 1 0 0 24 24
pos/92553499.bmp 1 0 0 24 24
pos/144227431.bmp 1 0 0 24 24
pos/123051231.bmp 1 0 0 24 24
pos/11930456.bmp 1 0 0 24 24
pos/10150830.bmp 1 0 0 24 24
pos/17106117.bmp 1 0 0 24 24
pos/121831652.bmp 1 0 0 24 24
pos/121822867.bmp 1 0 0 24 24
pos/111553795.bmp 1 0 0 24 24
pos/9491718.bmp 1 0 0 24 24
pos/17431584.bmp 1 0 0 24 24
pos/122623384.bmp 1 0 0 24 24
pos/12216153.bmp 1 0 0 24 24
pos/12144257.bmp 1 0 0 24 24
pos/115253281.bmp 1 0 0 24 24
pos/112250256.bmp 1 0 0 24 24
pos/94142633.bmp 1 0 0 24 24
pos/93058138.bmp 1 0 0 24 24
pos/123520448.bmp 1 0 0 24 24
pos/122423734.bmp 1 0 0 24 24
pos/12142658.bmp 1 0 0 24 24
pos/12137699.bmp 1 0 0 24 24
pos/95941392.bmp 1 0 0 24 24
pos/93619854.bmp 1 0 0 24 24
pos/17853182.bmp 1 0 0 24 24
pos/121515452.bmp 1 0 0 24 24
pos/11154669.bmp 1 0 0 24 24
pos/12253259.bmp 1 0 0 24 24
pos/11214600.bmp 1 0 0 24 24
pos/111542684.bmp 1 0 0 24 24
pos/1056847.bmp 1 0 0 24 24
pos/1050404.bmp 1 0 0 24 24
pos/95138244.bmp 1 0 0 24 24
pos/121323746.bmp 1 0 0 24 24
pos/112326120.bmp 1 0 0 24 24
pos/111823308.bmp 1 0 0 24 24
pos/101559404.bmp 1 0 0 24 24
pos/121932291.bmp 1 0 0 24 24
pos/121119379.bmp 1 0 0 24 24
pos/11582035.bmp 1 0 0 24 24
pos/111832871.bmp 1 0 0 24 24
pos/105638185.bmp 1 0 0 24 24
pos/1022429.bmp 1 0 0 24 24
pos/165437799.bmp 1 0 0 24 24
pos/161021379.bmp 1 0 0 24 24
pos/152625422.bmp 1 0 0 24 24
pos/12755994.bmp 1 0 0 24 24
pos/11563390.bmp 1 0 0 24 24
pos/11515878.bmp 1 0 0 24 24
pos/111214783.bmp 1 0 0 24 24
pos/105115954.bmp 1 0 0 24 24
pos/94720888.bmp 1 0 0 24 24
pos/93343187.bmp 1 0 0 24 24
pos/9332174.bmp 1 0 0 24 24
pos/92450577.bmp 1 0 0 24 24
pos/165329252.bmp 1 0 0 24 24
pos/12552821.bmp 1 0 0 24 24
pos/111417804.bmp 1 0 0 24 24
pos/93348647.bmp 1 0 0 24 24
pos/115639838.bmp 1 0 0 24 24
pos/111924585.bmp 1 0 0 24 24
pos/1009846.bmp 1 0 0 24 24
pos/1799412.bmp 1 0 0 24 24
pos/122455592.bmp 1 0 0 24 24
pos/111343775.bmp 1 0 0 24 24
pos/101440976.bmp 1 0 0 24 24
pos/12352468.bmp 1 0 0 24 24
pos/12280640.bmp 1 0 0 24 24
pos/122631486.bmp 1 0 0 24 24
pos/12114822.bmp 1 0 0 24 24
pos/111341722.bmp 1 0 0 24 24
pos/92445679.bmp 1 0 0 24 24
pos/92350860.bmp 1 0 0 24 24
pos/144310571.bmp 1 0 0 24 24
pos/12336615.bmp 1 0 0 24 24
pos/11826716.bmp 1 0 0 24 24
pos/10521306.bmp 1 0 0 24 24
pos/93554381.bmp 1 0 0 24 24
pos/91415580.bmp 1 0 0 24 24
pos/17821304.bmp 1 0 0 24 24
pos/122610982.bmp 1 0 0 24 24
pos/122414501.bmp 1 0 0 24 24
pos/121245116.bmp 1 0 0 24 24
pos/10260424.bmp 1 0 0 24 24
pos/165336843.bmp 1 0 0 24 24
pos/144618176.bmp 1 0 0 24 24
pos/115844620.bmp 1 0 0 24 24
pos/112127221.bmp 1 0 0 24 24
pos/9588461.bmp 1 0 0 24 24
pos/92532291.bmp 1 0 0 24 24
pos/12024241.bmp 1 0 0 24 24
pos/105327695.bmp 1 0 0 24 24
pos/102340742.bmp 1 0 0 24 24
pos/95017966.bmp 1 0 0 24 24
pos/122739923.bmp 1 0 0 24 24
pos/121948483.bmp 1 0 0 24 24
pos/115226806.bmp 1 0 0 24 24
pos/112047237.bmp 1 0 0 24 24
pos/10739506.bmp 1 0 0 24 24
pos/145725372.bmp 1 0 0 24 24
pos/123151264.bmp 1 0 0 24 24
pos/121455771.bmp 1 0 0 24 24
pos/112331455.bmp 1 0 0 24 24
pos/102323473.bmp 1 0 0 24 24
pos/101424112.bmp 1 0 0 24 24
pos/101414933.bmp 1 0 0 24 24
pos/92527455.bmp 1 0 0 24 24
pos/165336845.bmp 1 0 0 24 24
pos/152244541.bmp 1 0 0 24 24
pos/123216366.bmp 1 0 0 24 24
pos/11582452.bmp 1 0 0 24 24
pos/11173121.bmp 1 0 0 24 24
pos/101540548.bmp 1 0 0 24 24
pos/165753299.bmp 1 0 0 24 24
pos/151252559.bmp 1 0 0 24 24
pos/144959916.bmp 1 0 0 24 24
pos/122333895.bmp 1 0 0 24 24
pos/121828564.bmp 1 0 0 24 24
pos/115651875.bmp 1 0 0 24 24
pos/115219257.bmp 1 0 0 24 24
pos/112024712.bmp 1 0 0 24 24
pos/95754453.bmp 1 0 0 24 24
pos/92639636.bmp 1 0 0 24 24
pos/17958348.bmp 1 0 0 24 24
pos/17257137.bmp 1 0 0 24 24
pos/165429925.bmp 1 0 0 24 24
pos/152053778.bmp 1 0 0 24 24
pos/12230285.bmp 1 0 0 24 24
pos/121317397.bmp 1 0 0 24 24
pos/93317805.bmp 1 0 0 24 24
pos/17257138.bmp 1 0 0 24 24
pos/123254100.bmp 1 0 0 24 24
pos/122619107.bmp 1 0 0 24 24
pos/12224546.bmp 1 0 0 24 24
pos/11192140.bmp 1 0 0 24 24
pos/102424874.bmp 1 0 0 24 24
pos/9423396.bmp 1 0 0 24 24
pos/92123738.bmp 1 0 0 24 24
pos/165329254.bmp 1 0 0 24 24
pos/12745860.bmp 1 0 0 24 24
pos/11642720.bmp 1 0 0 24 24
pos/111032982.bmp 1 0 0 24 24
pos/10644846.bmp 1 0 0 24 24
pos/10581591.bmp 1 0 0 24 24
pos/95350274.bmp 1 0 0 24 24
pos/17558641.bmp 1 0 0 24 24
pos/12828588.bmp 1 0 0 24 24
pos/122447605.bmp 1 0 0 24 24
pos/122443549.bmp 1 0 0 24 24
pos/121621337.bmp 1 0 0 24 24
pos/115950524.bmp 1 0 0 24 24
pos/94128842.bmp 1 0 0 24 24
pos/92620841.bmp 1 0 0 24 24
pos/165715391.bmp 1 0 0 24 24
pos/12721278.bmp 1 0 0 24 24
pos/12241876.bmp 1 0 0 24 24
pos/11144736.bmp 1 0 0 24 24
pos/10595718.bmp 1 0 0 24 24
pos/10264739.bmp 1 0 0 24 24
pos/94316357.bmp 1 0 0 24 24
pos/12431624.bmp 1 0 0 24 24
pos/12312891.bmp 1 0 0 24 24
pos/12104712.bmp 1 0 0 24 24
pos/115924796.bmp 1 0 0 24 24
pos/10111685.bmp 1 0 0 24 24
pos/94654540.bmp 1 0 0 24 24
pos/93937756.bmp 1 0 0 24 24
pos/16580684.bmp 1 0 0 24 24
pos/144325950.bmp 1 0 0 24 24
pos/123236620.bmp 1 0 0 24 24
pos/115724120.bmp 1 0 0 24 24
pos/10836847.bmp 1 0 0 24 24
pos/10164715.bmp 1 0 0 24 24
pos/95813890.bmp 1 0 0 24 24
pos/15545729.bmp 1 0 0 24 24
pos/12249225.bmp 1 0 0 24 24
pos/121559141.bmp 1 0 0 24 24
pos/121051718.bmp 1 0 0 24 24
pos/111211382.bmp 1 0 0 24 24
pos/1071907.bmp 1 0 0 24 24
pos/93237666.bmp 1 0 0 24 24
pos/92834811.bmp 1 0 0 24 24
pos/17917621.bmp 1 0 0 24 24
pos/151917377.bmp 1 0 0 24 24
pos/122456402.bmp 1 0 0 24 24
pos/122044556.bmp 1 0 0 24 24
pos/12107509.bmp 1 0 0 24 24
pos/112322517.bmp 1 0 0 24 24
pos/94742666.bmp 1 0 0 24 24
pos/92956815.bmp 1 0 0 24 24
pos/145717496.bmp 1 0 0 24 24
pos/123133611.bmp 1 0 0 24 24
pos/12251465.bmp 1 0 0 24 24
pos/121455702.bmp 1 0 0 24 24
pos/12057211.bmp 1 0 0 24 24
pos/94527663.bmp 1 0 0 24 24
pos/92336586.bmp 1 0 0 24 24
pos/165753298.bmp 1 0 0 24 24
pos/12343760.bmp 1 0 0 24 24
pos/123030117.bmp 1 0 0 24 24
pos/112231286.bmp 1 0 0 24 24
pos/10413572.bmp 1 0 0 24 24
pos/15338358.bmp 1 0 0 24 24
pos/12032778.bmp 1 0 0 24 24
pos/115732732.bmp 1 0 0 24 24
pos/112115915.bmp 1 0 0 24 24
pos/94135878.bmp 1 0 0 24 24
pos/93640181.bmp 1 0 0 24 24
pos/151244539.bmp 1 0 0 24 24
pos/144318235.bmp 1 0 0 24 24
pos/12241819.bmp 1 0 0 24 24
pos/115359165.bmp 1 0 0 24 24
pos/145135415.bmp 1 0 0 24 24
pos/123556926.bmp 1 0 0 24 24
pos/122311945.bmp 1 0 0 24 24
pos/121216510.bmp 1 0 0 24 24
pos/112344451.bmp 1 0 0 24 24
pos/105258214.bmp 1 0 0 24 24
pos/91237519.bmp 1 0 0 24 24
pos/151158633.bmp 1 0 0 24 24
pos/144755359.bmp 1 0 0 24 24
pos/121817190.bmp 1 0 0 24 24
pos/121527767.bmp 1 0 0 24 24
pos/12141855.bmp 1 0 0 24 24
pos/112146278.bmp 1 0 0 24 24
pos/102639314.bmp 1 0 0 24 24
pos/94340538.bmp 1 0 0 24 24
pos/93846775.bmp 1 0 0 24 24
pos/92829585.bmp 1 0 0 24 24
pos/121034272.bmp 1 0 0 24 24
pos/105530467.bmp 1 0 0 24 24
pos/10421467.bmp 1 0 0 24 24
pos/94040170.bmp 1 0 0 24 24
pos/16559566.bmp 1 0 0 24 24
pos/144437860.bmp 1 0 0 24 24
pos/123652477.bmp 1 0 0 24 24
pos/122233710.bmp 1 0 0 24 24
pos/12131262.bmp 1 0 0 24 24
pos/17732427.bmp 1 0 0 24 24
pos/171135360.bmp 1 0 0 24 24
pos/145055782.bmp 1 0 0 24 24
pos/12546239.bmp 1 0 0 24 24
pos/122418691.bmp 1 0 0 24 24
pos/11524179.bmp 1 0 0 24 24
pos/17415875.bmp 1 0 0 24 24
pos/122951852.bmp 1 0 0 24 24
pos/122945742.bmp 1 0 0 24 24
pos/121354849.bmp 1 0 0 24 24
pos/12011940.bmp 1 0 0 24 24
pos/10552571.bmp 1 0 0 24 24
pos/94723197.bmp 1 0 0 24 24
pos/152157813.bmp 1 0 0 24 24
pos/115645791.bmp 1 0 0 24 24
pos/11188442.bmp 1 0 0 24 24
pos/105822776.bmp 1 0 0 24 24
pos/94418914.bmp 1 0 0 24 24
pos/17716660.bmp 1 0 0 24 24
pos/122850120.bmp 1 0 0 24 24
pos/122325315.bmp 1 0 0 24 24
pos/111147519.bmp 1 0 0 24 24
pos/9210213.bmp 1 0 0 24 24
pos/152227844.bmp 1 0 0 24 24
pos/122813301.bmp 1 0 0 24 24
pos/122250167.bmp 1 0 0 24 24
pos/121156275.bmp 1 0 0 24 24
pos/111640905.bmp 1 0 0 24 24
pos/111313517.bmp 1 0 0 24 24
pos/939196.bmp 1 0 0 24 24
pos/152644870.bmp 1 0 0 24 24
pos/123453398.bmp 1 0 0 24 24
pos/12202845.bmp 1 0 0 24 24
pos/121311469.bmp 1 0 0 24 24
pos/12019729.bmp 1 0 0 24 24
pos/10933880.bmp 1 0 0 24 24
pos/94124661.bmp 1 0 0 24 24
pos/165555204.bmp 1 0 0 24 24
pos/152314819.bmp 1 0 0 24 24
pos/122054650.bmp 1 0 0 24 24
pos/121712571.bmp 1 0 0 24 24
pos/10244185.bmp 1 0 0 24 24
pos/95518279.bmp 1 0 0 24 24
pos/94659485.bmp 1 0 0 24 24
pos/14555180.bmp 1 0 0 24 24
pos/144349270.bmp 1 0 0 24 24
pos/12132635.bmp 1 0 0 24 24
pos/93028592.bmp 1 0 0 24 24
pos/174850.bmp 1 0 0 24 24
pos/123229780.bmp 1 0 0 24 24
pos/12304751.bmp 1 0 0 24 24
pos/121224419.bmp 1 0 0 24 24
pos/95828164.bmp 1 0 0 24 24
pos/14483166.bmp 1 0 0 24 24
pos/121110142.bmp 1 0 0 24 24
pos/11233516.bmp 1 0 0 24 24
pos/112237754.bmp 1 0 0 24 24
pos/111538638.bmp 1 0 0 24 24
pos/94013541.bmp 1 0 0 24 24
pos/17821384.bmp 1 0 0 24 24
pos/123020916.bmp 1 0 0 24 24
pos/12176947.bmp 1 0 0 24 24
pos/12121550.bmp 1 0 0 24 24
pos/11143764.bmp 1 0 0 24 24
pos/111318805.bmp 1 0 0 24 24
pos/105413591.bmp 1 0 0 24 24
pos/105348147.bmp 1 0 0 24 24
pos/94210588.bmp 1 0 0 24 24
pos/93242331.bmp 1 0 0 24 24
pos/165745592.bmp 1 0 0 24 24
pos/12850226.bmp 1 0 0 24 24
pos/101249473.bmp 1 0 0 24 24
pos/95640973.bmp 1 0 0 24 24
pos/12950121.bmp 1 0 0 24 24
pos/12357896.bmp 1 0 0 24 24
pos/12016577.bmp 1 0 0 24 24
pos/11175397.bmp 1 0 0 24 24
pos/102352192.bmp 1 0 0 24 24
pos/17756828.bmp 1 0 0 24 24
pos/15911439.bmp 1 0 0 24 24
pos/121632172.bmp 1 0 0 24 24
pos/10255809.bmp 1 0 0 24 24
pos/101356353.bmp 1 0 0 24 24
pos/12846905.bmp 1 0 0 24 24
pos/123142253.bmp 1 0 0 24 24
pos/123019957.bmp 1 0 0 24 24
pos/122344331.bmp 1 0 0 24 24
pos/115915888.bmp 1 0 0 24 24
pos/112042748.bmp 1 0 0 24 24
pos/105132116.bmp 1 0 0 24 24
pos/91323477.bmp 1 0 0 24 24
pos/152524311.bmp 1 0 0 24 24
pos/122925753.bmp 1 0 0 24 24
pos/122917131.bmp 1 0 0 24 24
pos/122651113.bmp 1 0 0 24 24
pos/12100216.bmp 1 0 0 24 24
pos/112317384.bmp 1 0 0 24 24
pos/111421221.bmp 1 0 0 24 24
pos/95648336.bmp 1 0 0 24 24
pos/94748157.bmp 1 0 0 24 24
pos/171055197.bmp 1 0 0 24 24
pos/17104794.bmp 1 0 0 24 24
pos/121236507.bmp 1 0 0 24 24
pos/111735681.bmp 1 0 0 24 24
pos/10146159.bmp 1 0 0 24 24
pos/9393459.bmp 1 0 0 24 24
pos/12857666.bmp 1 0 0 24 24
pos/12814985.bmp 1 0 0 24 24
pos/111438740.bmp 1 0 0 24 24
pos/104155871.bmp 1 0 0 24 24
pos/94229430.bmp 1 0 0 24 24
pos/17312954.bmp 1 0 0 24 24
pos/115838807.bmp 1 0 0 24 24
pos/115615308.bmp 1 0 0 24 24
pos/115241237.bmp 1 0 0 24 24
pos/9259921.bmp 1 0 0 24 24
pos/12841529.bmp 1 0 0 24 24
pos/12716766.bmp 1 0 0 24 24
pos/122130498.bmp 1 0 0 24 24
pos/115434645.bmp 1 0 0 24 24
pos/105251506.bmp 1 0 0 24 24
pos/9441379.bmp 1 0 0 24 24
pos/94229745.bmp 1 0 0 24 24
pos/12531721.bmp 1 0 0 24 24
pos/123457407.bmp 1 0 0 24 24
pos/11228815.bmp 1 0 0 24 24
pos/111534366.bmp 1 0 0 24 24
pos/105357476.bmp 1 0 0 24 24
pos/102636475.bmp 1 0 0 24 24
pos/151825418.bmp 1 0 0 24 24
pos/12941311.bmp 1 0 0 24 24
pos/12449361.bmp 1 0 0 24 24
pos/122512471.bmp 1 0 0 24 24
pos/11214354.bmp 1 0 0 24 24
pos/145039777.bmp 1 0 0 24 24
pos/12527893.bmp 1 0 0 24 24
pos/12184389.bmp 1 0 0 24 24
pos/111718891.bmp 1 0 0 24 24
pos/1040843.bmp 1 0 0 24 24
pos/102436403.bmp 1 0 0 24 24
pos/14513638.bmp 1 0 0 24 24
pos/122826549.bmp 1 0 0 24 24
pos/122451876.bmp 1 0 0 24 24
pos/12222175.bmp 1 0 0 24 24
pos/12147974.bmp 1 0 0 24 24
pos/115836357.bmp 1 0 0 24 24
pos/102523156.bmp 1 0 0 24 24
pos/101635767.bmp 1 0 0 24 24
pos/95832127.bmp 1 0 0 24 24
pos/12416258.bmp 1 0 0 24 24
pos/122543234.bmp 1 0 0 24 24
pos/121337833.bmp 1 0 0 24 24
pos/121259833.bmp 1 0 0 24 24
pos/10533206.bmp 1 0 0 24 24
pos/101149725.bmp 1 0 0 24 24
pos/10049829.bmp 1 0 0 24 24
pos/95622268.bmp 1 0 0 24 24
pos/93944667.bmp 1 0 0 24 24
pos/17645289.bmp 1 0 0 24 24
pos/17629993.bmp 1 0 0 24 24
pos/165649496.bmp 1 0 0 24 24
pos/12218945.bmp 1 0 0 24 24
pos/12151168.bmp 1 0 0 24 24
pos/11170119.bmp 1 0 0 24 24
pos/10727759.bmp 1 0 0 24 24
pos/94717503.bmp 1 0 0 24 24
pos/122432284.bmp 1 0 0 24 24
pos/12181293.bmp 1 0 0 24 24
pos/121122918.bmp 1 0 0 24 24
pos/10540591.bmp 1 0 0 24 24
pos/103617440.bmp 1 0 0 24 24
pos/101711211.bmp 1 0 0 24 24
pos/17837619.bmp 1 0 0 24 24
pos/123114214.bmp 1 0 0 24 24
pos/122436442.bmp 1 0 0 24 24
pos/121645629.bmp 1 0 0 24 24
pos/121023825.bmp 1 0 0 24 24
pos/11549726.bmp 1 0 0 24 24
pos/102515606.bmp 1 0 0 24 24
pos/9322629.bmp 1 0 0 24 24
pos/122920778.bmp 1 0 0 24 24
pos/12234124.bmp 1 0 0 24 24
pos/121422995.bmp 1 0 0 24 24
pos/12133519.bmp 1 0 0 24 24
pos/11157506.bmp 1 0 0 24 24
pos/111239228.bmp 1 0 0 24 24
pos/947356.bmp 1 0 0 24 24
pos/12933398.bmp 1 0 0 24 24
pos/123735456.bmp 1 0 0 24 24
pos/122639270.bmp 1 0 0 24 24
pos/122033964.bmp 1 0 0 24 24
pos/111858970.bmp 1 0 0 24 24
pos/101128961.bmp 1 0 0 24 24
pos/164433652.bmp 1 0 0 24 24
pos/151640585.bmp 1 0 0 24 24
pos/123258565.bmp 1 0 0 24 24
pos/12171258.bmp 1 0 0 24 24
pos/12132997.bmp 1 0 0 24 24
pos/111933288.bmp 1 0 0 24 24
pos/111651552.bmp 1 0 0 24 24
pos/17415874.bmp 1 0 0 24 24
pos/17352353.bmp 1 0 0 24 24
pos/151540334.bmp 1 0 0 24 24
pos/12288193.bmp 1 0 0 24 24
pos/122045460.bmp 1 0 0 24 24
pos/121319956.bmp 1 0 0 24 24
pos/115553450.bmp 1 0 0 24 24
pos/111329897.bmp 1 0 0 24 24
pos/17645288.bmp 1 0 0 24 24
pos/12528470.bmp 1 0 0 24 24
pos/123343818.bmp 1 0 0 24 24
pos/122150755.bmp 1 0 0 24 24
pos/12188683.bmp 1 0 0 24 24
pos/11017275.bmp 1 0 0 24 24
pos/101334944.bmp 1 0 0 24 24
pos/94650562.bmp 1 0 0 24 24
pos/94544948.bmp 1 0 0 24 24
pos/17550823.bmp 1 0 0 24 24
pos/152016180.bmp 1 0 0 24 24
pos/123121499.bmp 1 0 0 24 24
pos/12283525.bmp 1 0 0 24 24
pos/12278450.bmp 1 0 0 24 24
pos/115949490.bmp 1 0 0 24 24
pos/9596697.bmp 1 0 0 24 24
pos/95012537.bmp 1 0 0 24 24
pos/1659079.bmp 1 0 0 24 24
pos/123155290.bmp 1 0 0 24 24
pos/111515993.bmp 1 0 0 24 24
pos/10114345.bmp 1 0 0 24 24
pos/165313590.bmp 1 0 0 24 24
pos/151244537.bmp 1 0 0 24 24
pos/12442478.bmp 1 0 0 24 24
pos/122837789.bmp 1 0 0 24 24
pos/121510477.bmp 1 0 0 24 24
pos/112049515.bmp 1 0 0 24 24
pos/11171123.bmp 1 0 0 24 24
pos/105539687.bmp 1 0 0 24 24
pos/91422928.bmp 1 0 0 24 24
pos/122319293.bmp 1 0 0 24 24
pos/122219838.bmp 1 0 0 24 24
pos/121014637.bmp 1 0 0 24 24
pos/115445490.bmp 1 0 0 24 24
pos/111233705.bmp 1 0 0 24 24
pos/103642650.bmp 1 0 0 24 24
pos/17821382.bmp 1 0 0 24 24
pos/17629994.bmp 1 0 0 24 24
pos/16479793.bmp 1 0 0 24 24
pos/122743605.bmp 1 0 0 24 24
pos/122328595.bmp 1 0 0 24 24
pos/11836425.bmp 1 0 0 24 24
pos/11590179.bmp 1 0 0 24 24
pos/111555677.bmp 1 0 0 24 24
pos/144333741.bmp 1 0 0 24 24
pos/12840304.bmp 1 0 0 24 24
pos/12216225.bmp 1 0 0 24 24
pos/12175392.bmp 1 0 0 24 24
pos/121056555.bmp 1 0 0 24 24
pos/115537982.bmp 1 0 0 24 24
pos/105527550.bmp 1 0 0 24 24
pos/101715657.bmp 1 0 0 24 24
pos/17344514.bmp 1 0 0 24 24
pos/165715457.bmp 1 0 0 24 24
pos/123611730.bmp 1 0 0 24 24
pos/12306571.bmp 1 0 0 24 24
pos/121942698.bmp 1 0 0 24 24
pos/121157.bmp 1 0 0 24 24
pos/11710196.bmp 1 0 0 24 24
pos/10574823.bmp 1 0 0 24 24
pos/95945557.bmp 1 0 0 24 24
pos/9493835.bmp 1 0 0 24 24
pos/17740438.bmp 1 0 0 24 24
pos/17320763.bmp 1 0 0 24 24
pos/12114136.bmp 1 0 0 24 24
pos/11239517.bmp 1 0 0 24 24
pos/10579735.bmp 1 0 0 24 24
pos/10339284.bmp 1 0 0 24 24
pos/94631966.bmp 1 0 0 24 24
pos/165555217.bmp 1 0 0 24 24
pos/123320527.bmp 1 0 0 24 24
pos/12310533.bmp 1 0 0 24 24
pos/121534506.bmp 1 0 0 24 24
pos/10240862.bmp 1 0 0 24 24
pos/93951952.bmp 1 0 0 24 24
pos/122955357.bmp 1 0 0 24 24
pos/115623857.bmp 1 0 0 24 24
pos/11141822.bmp 1 0 0 24 24
pos/10918998.bmp 1 0 0 24 24
pos/103953577.bmp 1 0 0 24 24
pos/93329755.bmp 1 0 0 24 24
pos/115929485.bmp 1 0 0 24 24
pos/112135910.bmp 1 0 0 24 24
pos/11120190.bmp 1 0 0 24 24
pos/10520544.bmp 1 0 0 24 24
pos/102615244.bmp 1 0 0 24 24
pos/12726870.bmp 1 0 0 24 24
pos/12321564.bmp 1 0 0 24 24
pos/12275761.bmp 1 0 0 24 24
pos/115646529.bmp 1 0 0 24 24
pos/105312862.bmp 1 0 0 24 24
pos/102450302.bmp 1 0 0 24 24
pos/10233499.bmp 1 0 0 24 24
pos/95723592.bmp 1 0 0 24 24
pos/11631630.bmp 1 0 0 24 24
pos/11597257.bmp 1 0 0 24 24
pos/111043871.bmp 1 0 0 24 24
pos/10944878.bmp 1 0 0 24 24
pos/103727110.bmp 1 0 0 24 24
pos/171022444.bmp 1 0 0 24 24
pos/123623446.bmp 1 0 0 24 24
pos/115729772.bmp 1 0 0 24 24
pos/11547118.bmp 1 0 0 24 24
pos/102534903.bmp 1 0 0 24 24
pos/101534308.bmp 1 0 0 24 24
pos/9527282.bmp 1 0 0 24 24
pos/16378613.bmp 1 0 0 24 24
pos/154146545.bmp 1 0 0 24 24
pos/145023631.bmp 1 0 0 24 24
pos/11851486.bmp 1 0 0 24 24
pos/115829517.bmp 1 0 0 24 24
pos/112132992.bmp 1 0 0 24 24
pos/105536193.bmp 1 0 0 24 24
pos/94425653.bmp 1 0 0 24 24
pos/93652115.bmp 1 0 0 24 24
pos/17740421.bmp 1 0 0 24 24
pos/1753560.bmp 1 0 0 24 24
pos/12155747.bmp 1 0 0 24 24
pos/111359866.bmp 1 0 0 24 24
pos/104051454.bmp 1 0 0 24 24
pos/10362584.bmp 1 0 0 24 24
pos/102621328.bmp 1 0 0 24 24
pos/12752786.bmp 1 0 0 24 24
pos/12326917.bmp 1 0 0 24 24
pos/123123279.bmp 1 0 0 24 24
pos/123042811.bmp 1 0 0 24 24
pos/121913967.bmp 1 0 0 24 24
pos/10265572.bmp 1 0 0 24 24
pos/101050617.bmp 1 0 0 24 24
pos/94615758.bmp 1 0 0 24 24
pos/94028813.bmp 1 0 0 24 24
pos/928115.bmp 1 0 0 24 24
pos/91447389.bmp 1 0 0 24 24
pos/17519460.bmp 1 0 0 24 24
pos/144510376.bmp 1 0 0 24 24
pos/12341902.bmp 1 0 0 24 24
pos/123053778.bmp 1 0 0 24 24
pos/152143310.bmp 1 0 0 24 24
pos/144155998.bmp 1 0 0 24 24
pos/123636628.bmp 1 0 0 24 24
pos/11213631.bmp 1 0 0 24 24
pos/111410644.bmp 1 0 0 24 24
pos/105939617.bmp 1 0 0 24 24
pos/10254387.bmp 1 0 0 24 24
pos/95532881.bmp 1 0 0 24 24
pos/91135703.bmp 1 0 0 24 24
pos/123137303.bmp 1 0 0 24 24
pos/122534639.bmp 1 0 0 24 24
pos/115257352.bmp 1 0 0 24 24
pos/111716626.bmp 1 0 0 24 24
pos/123334801.bmp 1 0 0 24 24
pos/12133178.bmp 1 0 0 24 24
pos/11176203.bmp 1 0 0 24 24
pos/10410642.bmp 1 0 0 24 24
pos/122859607.bmp 1 0 0 24 24
pos/12198822.bmp 1 0 0 24 24
pos/111018698.bmp 1 0 0 24 24
pos/10529904.bmp 1 0 0 24 24
pos/103744738.bmp 1 0 0 24 24
pos/93452104.bmp 1 0 0 24 24
pos/92234560.bmp 1 0 0 24 24
pos/92038310.bmp 1 0 0 24 24
pos/152255389.bmp 1 0 0 24 24
pos/123716985.bmp 1 0 0 24 24
pos/11185275.bmp 1 0 0 24 24
pos/105416664.bmp 1 0 0 24 24
pos/103731619.bmp 1 0 0 24 24
pos/95825200.bmp 1 0 0 24 24
pos/9324345.bmp 1 0 0 24 24
pos/93151537.bmp 1 0 0 24 24
pos/144640615.bmp 1 0 0 24 24
pos/12838286.bmp 1 0 0 24 24
pos/122114504.bmp 1 0 0 24 24
pos/121322437.bmp 1 0 0 24 24
pos/94239573.bmp 1 0 0 24 24
pos/14507888.bmp 1 0 0 24 24
pos/144718681.bmp 1 0 0 24 24
pos/11209751.bmp 1 0 0 24 24
pos/101418427.bmp 1 0 0 24 24
pos/92913561.bmp 1 0 0 24 24
pos/123038254.bmp 1 0 0 24 24
pos/121652924.bmp 1 0 0 24 24
pos/111646131.bmp 1 0 0 24 24
pos/101643848.bmp 1 0 0 24 24
pos/93833328.bmp 1 0 0 24 24
pos/93727902.bmp 1 0 0 24 24
pos/93054815.bmp 1 0 0 24 24
pos/123444412.bmp 1 0 0 24 24
pos/104151264.bmp 1 0 0 24 24
pos/93357317.bmp 1 0 0 24 24
pos/177132.bmp 1 0 0 24 24
pos/104032375.bmp 1 0 0 24 24
pos/101432942.bmp 1 0 0 24 24
pos/92617518.bmp 1 0 0 24 24
pos/17312949.bmp 1 0 0 24 24
pos/121212640.bmp 1 0 0 24 24
pos/121043643.bmp 1 0 0 24 24
pos/111328675.bmp 1 0 0 24 24
pos/111214705.bmp 1 0 0 24 24
pos/111110563.bmp 1 0 0 24 24
pos/10599634.bmp 1 0 0 24 24
pos/94429381.bmp 1 0 0 24 24
pos/122958172.bmp 1 0 0 24 24
pos/122155552.bmp 1 0 0 24 24
pos/115842301.bmp 1 0 0 24 24
pos/111918709.bmp 1 0 0 24 24
pos/11147203.bmp 1 0 0 24 24
pos/10535177.bmp 1 0 0 24 24
pos/17724632.bmp 1 0 0 24 24
pos/152048863.bmp 1 0 0 24 24
pos/12656735.bmp 1 0 0 24 24
pos/122646505.bmp 1 0 0 24 24
pos/122159926.bmp 1 0 0 24 24
pos/12159238.bmp 1 0 0 24 24
pos/111124759.bmp 1 0 0 24 24
pos/12551121.bmp 1 0 0 24 24
pos/11222941.bmp 1 0 0 24 24
pos/104121687.bmp 1 0 0 24 24
pos/104012532.bmp 1 0 0 24 24
pos/102418494.bmp 1 0 0 24 24
pos/17511651.bmp 1 0 0 24 24
pos/12929336.bmp 1 0 0 24 24
pos/11546684.bmp 1 0 0 24 24
pos/11167677.bmp 1 0 0 24 24
pos/111455400.bmp 1 0 0 24 24
pos/165321454.bmp 1 0 0 24 24
pos/165313588.bmp 1 0 0 24 24
pos/151831666.bmp 1 0 0 24 24
pos/12819234.bmp 1 0 0 24 24
pos/122359510.bmp 1 0 0 24 24
pos/115855857.bmp 1 0 0 24 24
pos/11198950.bmp 1 0 0 24 24
pos/10941790.bmp 1 0 0 24 24
pos/17312952.bmp 1 0 0 24 24
pos/152532114.bmp 1 0 0 24 24
pos/12425477.bmp 1 0 0 24 24
pos/12212727.bmp 1 0 0 24 24
pos/12122256.bmp 1 0 0 24 24
pos/112219334.bmp 1 0 0 24 24
pos/11159783.bmp 1 0 0 24 24
pos/10167219.bmp 1 0 0 24 24
pos/12435758.bmp 1 0 0 24 24
pos/111224892.bmp 1 0 0 24 24
pos/105630385.bmp 1 0 0 24 24
pos/10536841.bmp 1 0 0 24 24
pos/101436312.bmp 1 0 0 24 24
pos/144648437.bmp 1 0 0 24 24
pos/122039791.bmp 1 0 0 24 24
pos/121042202.bmp 1 0 0 24 24
pos/115221708.bmp 1 0 0 24 24
pos/10595923.bmp 1 0 0 24 24
pos/17312953.bmp 1 0 0 24 24
pos/12834284.bmp 1 0 0 24 24
pos/12298867.bmp 1 0 0 24 24
pos/121554443.bmp 1 0 0 24 24
pos/11239583.bmp 1 0 0 24 24
pos/11228927.bmp 1 0 0 24 24
pos/94913870.bmp 1 0 0 24 24
pos/9462752.bmp 1 0 0 24 24
pos/145618373.bmp 1 0 0 24 24
pos/123025861.bmp 1 0 0 24 24
pos/11125547.bmp 1 0 0 24 24
pos/95358657.bmp 1 0 0 24 24
pos/94642590.bmp 1 0 0 24 24
pos/123251534.bmp 1 0 0 24 24
pos/12146149.bmp 1 0 0 24 24
pos/12136368.bmp 1 0 0 24 24
pos/11724906.bmp 1 0 0 24 24
pos/11545232.bmp 1 0 0 24 24
pos/111414513.bmp 1 0 0 24 24
pos/9121998.bmp 1 0 0 24 24
pos/151142938.bmp 1 0 0 24 24
pos/14564550.bmp 1 0 0 24 24
pos/144318237.bmp 1 0 0 24 24
pos/12301268.bmp 1 0 0 24 24
pos/11215088.bmp 1 0 0 24 24
pos/111724382.bmp 1 0 0 24 24
pos/105731160.bmp 1 0 0 24 24
pos/104043670.bmp 1 0 0 24 24
